Req vs Conc_X 	Req vs Conc_Y 	
0 	-16.8972422270934 	
6.06060606060606E-08 	54.4551365753863 	
1.21212121212121E-07 	100.379364044967 	
1.81818181818182E-07 	132.412578585312 	
2.42424242424242E-07 	156.029374803999 	
3.03030303030303E-07 	174.161595194962 	
3.63636363636364E-07 	188.521016153319 	
4.24242424242424E-07 	200.174195874572 	
4.84848484848485E-07 	209.820296387748 	
5.45454545454545E-07 	217.936736071651 	
6.06060606060606E-07 	224.860640722546 	
6.66666666666667E-07 	230.836849247374 	
7.27272727272727E-07 	236.047469912406 	
7.87878787878788E-07 	240.630761377371 	
8.48484848484849E-07 	244.693581427405 	
9.09090909090909E-07 	248.31982259086 	
9.6969696969697E-07 	251.576267015392 	
1.03030303030303E-06 	254.516737039544 	
1.09090909090909E-06 	257.185093472084 	
1.15151515151515E-06 	259.617438293138 	
1.21212121212121E-06 	261.843757633003 	
1.27272727272727E-06 	263.889164221068 	
1.33333333333333E-06 	265.774848773082 	
1.39393939393939E-06 	267.518816877183 	
1.45454545454545E-06 	269.136465757385 	
1.51515151515152E-06 	270.641040088803 	
1.57575757575758E-06 	272.043995455584 	
1.63636363636364E-06 	273.355290570701 	
1.6969696969697E-06 	274.583624032163 	
1.75757575757576E-06 	275.736627520609 	
1.81818181818182E-06 	276.821024509725 	
1.87878787878788E-06 	277.842761464229 	
1.93939393939394E-06 	278.807116933328 	
2E-06 	279.71879276591 	
2.06060606060606E-06 	280.581990774793 	
2.12121212121212E-06 	281.400477487971 	
2.18181818181818E-06 	282.177639092067 	
2.24242424242424E-06 	282.916528258469 	
2.3030303030303E-06 	283.619904217665 	
2.36363636363636E-06 	284.290267190901 	
2.42424242424242E-06 	284.929888084847 	
2.48484848484849E-06 	285.540834192553 	
2.54545454545455E-06 	286.12499151359 	
2.60606060606061E-06 	286.684084201101 	
2.66666666666667E-06 	287.219691558161 	
2.72727272727273E-06 	287.73326293635 	
2.78787878787879E-06 	288.226130832507 	
2.84848484848485E-06 	288.699522432892 	
2.90909090909091E-06 	289.154569815307 	
2.96969696969697E-06 	289.592318987748 	
3.03030303030303E-06 	290.013737915501 	
3.09090909090909E-06 	290.419723666325 	
3.15151515151515E-06 	290.811108784747 	
3.21212121212121E-06 	291.188666990776 	
3.27272727272727E-06 	291.55311828513 	
3.33333333333333E-06 	291.905133531847 	
3.39393939393939E-06 	292.245338579655 	
3.45454545454545E-06 	292.574317975366 	
3.51515151515152E-06 	292.892618315647 	
3.57575757575758E-06 	293.2007512776 	
3.63636363636364E-06 	293.499196363484 	
3.6969696969697E-06 	293.788403390567 	
3.75757575757576E-06 	294.068794753285 	
3.81818181818182E-06 	294.340767481635 	
3.87878787878788E-06 	294.604695116915 	
3.93939393939394E-06 	294.860929423422 	
4E-06 	295.109801952619 	
4.06060606060606E-06 	295.351625474401 	
4.12121212121212E-06 	295.586695288429 	
4.18181818181818E-06 	295.815290427115 	
4.24242424242424E-06 	296.037674760558 	
4.3030303030303E-06 	296.254098012612 	
4.36363636363636E-06 	296.464796696343 	
4.42424242424242E-06 	296.66999497621 	
4.48484848484849E-06 	296.869905463602 	
4.54545454545455E-06 	297.064729951651 	
4.60606060606061E-06 	297.254660094671 	
4.66666666666667E-06 	297.43987803702 	
4.72727272727273E-06 	297.620556995731 	
4.78787878787879E-06 	297.796861800831 	
4.84848484848485E-06 	297.96894939688 	
4.90909090909091E-06 	298.136969308954 	
4.96969696969697E-06 	298.301064075957 	
5.03030303030303E-06 	298.461369653933 	
5.09090909090909E-06 	298.61801579174 	
5.15151515151515E-06 	298.771126381298 	
5.21212121212121E-06 	298.920819784385 	
5.27272727272727E-06 	299.067209137788 	
5.33333333333333E-06 	299.210402638477 	
5.39393939393939E-06 	299.350503810294 	
5.45454545454546E-06 	299.487611753555 	
5.51515151515152E-06 	299.621821378827 	
5.57575757575758E-06 	299.75322362602 	
5.63636363636364E-06 	299.881905669891 	
5.6969696969697E-06 	300.0079511129 	
5.75757575757576E-06 	300.131440166346 	
5.81818181818182E-06 	300.252449820576 	
5.87878787878788E-06 	300.371054005063 	
5.93939393939394E-06 	300.487323739013 	
6E-06 	300.601327273181 	
	
Curve 	X 	Y
Run 1; Ch 1; Fc 2-1; Cy 4; 488; Conc 18 µM 	1.8E-05 	329.6283 	
Run 1; Ch 1; Fc 2-1; Cy 5; 488; Conc 6 µM 	6E-06 	306.9588 	
Run 1; Ch 1; Fc 2-1; Cy 6; 488; Conc 2 µM 	2E-06 	274.3885 	
Run 1; Ch 1; Fc 2-1; Cy 7; 488; Conc 0.666 µM 	6.66000008583069E-07 	226.0434 	
Run 1; Ch 1; Fc 2-1; Cy 8; 488; Conc 0.222 µM 	2.22000002861023E-07 	152.7067 	
Run 1; Ch 1; Fc 2-1; Cy 9; 488; Conc 0.074 µM 	7.40000009536743E-08 	68.2411 	
Run 1; Ch 1; Fc 2-1; Cy 10; 488; Conc 0.027 µM 	2.70000007003546E-08 	17.0275 	
Run 1; Ch 1; Fc 2-1; Cy 11; 488; Conc 0.008 µM 	8.00000037997961E-09 	3.5962 	
Run 1; Ch 1; Fc 2-1; Cy 12; 488; Conc 0.0027 µM 	2.70000007003546E-09 	1.0298 	
Run 1; Ch 1; Fc 2-1; Cy 13; 488; Conc 0.00091 µM 	9.10000002477318E-10 	0.2744002 	
Run 1; Ch 1; Fc 2-1; Cy 14; 488; Conc 0.0003 µM 	3.00000014249235E-10 	0.1093 	
Run 1; Ch 1; Fc 2-1; Cy 15; 488; Conc 0.0001 µM 	9.99999974737875E-11 	0.08780029 	
