Req vs Conc_X 	Req vs Conc_Y 	
0 	-1.59907377718508 	
6.06060606060606E-08 	31.3950529082025 	
1.21212121212121E-07 	58.927674992371 	
1.81818181818182E-07 	82.2511983625802 	
2.42424242424242E-07 	102.262293203046 	
3.03030303030303E-07 	119.619824486149 	
3.63636363636364E-07 	134.81878520102 	
4.24242424242424E-07 	148.238261418272 	
4.84848484848485E-07 	160.173481884846 	
5.45454545454545E-07 	170.857790413954 	
6.06060606060606E-07 	180.478053614652 	
6.66666666666667E-07 	189.185683625375 	
7.27272727272727E-07 	197.104665869203 	
7.87878787878788E-07 	204.337500090828 	
8.48484848484849E-07 	210.969661218132 	
9.09090909090909E-07 	217.072993135447 	
9.6969696969697E-07 	222.708321753528 	
1.03030303030303E-06 	227.927489164742 	
1.09090909090909E-06 	232.774953187343 	
1.15151515151515E-06 	237.289056907566 	
1.21212121212121E-06 	241.503045009053 	
1.27272727272727E-06 	245.445883915042 	
1.33333333333333E-06 	249.142928548995 	
1.39393939393939E-06 	252.616468168087 	
1.45454545454545E-06 	255.886176106109 	
1.51515151515152E-06 	258.969482598737 	
1.57575757575758E-06 	261.881885613214 	
1.63636363636364E-06 	264.637211385265 	
1.6969696969697E-06 	267.247833907647 	
1.75757575757576E-06 	269.724860722446 	
1.81818181818182E-06 	272.078290901854 	
1.87878787878788E-06 	274.317149956185 	
1.93939393939394E-06 	276.449605507075 	
2E-06 	278.483066851116 	
2.06060606060606E-06 	280.424270972015 	
2.12121212121212E-06 	282.279357105442 	
2.18181818181818E-06 	284.053931595418 	
2.24242424242424E-06 	285.753124485665 	
2.3030303030303E-06 	287.38163904916 	
2.36363636363636E-06 	288.943795263037 	
2.42424242424242E-06 	290.443568075081 	
2.48484848484849E-06 	291.884621175553 	
2.54545454545455E-06 	293.270336878427 	
2.60606060606061E-06 	294.603842625102 	
2.66666666666667E-06 	295.888034547747 	
2.72727272727273E-06 	297.12559846594 	
2.78787878787879E-06 	298.319028636982 	
2.84848484848485E-06 	299.470644535338 	
2.90909090909091E-06 	300.582605898739 	
2.96969696969697E-06 	301.656926246306 	
3.03030303030303E-06 	302.695485046716 	
3.09090909090909E-06 	303.700038691121 	
3.15151515151515E-06 	304.672230405567 	
3.21212121212121E-06 	305.613599220623 	
3.27272727272727E-06 	306.525588101179 	
3.33333333333333E-06 	307.409551326752 	
3.39393939393939E-06 	308.266761201697 	
3.45454545454545E-06 	309.098414165238 	
3.51515151515152E-06 	309.905636363033 	
3.57575757575758E-06 	310.689488734832 	
3.63636363636364E-06 	311.450971666563 	
3.6969696969697E-06 	312.191029249743 	
3.75757575757576E-06 	312.910553186339 	
3.81818181818182E-06 	313.610386373047 	
3.87878787878788E-06 	314.291326195275 	
3.93939393939394E-06 	314.954127557901 	
4E-06 	315.599505677012 	
4.06060606060606E-06 	316.228138654346 	
4.12121212121212E-06 	316.840669853906 	
4.18181818181818E-06 	317.437710098254 	
4.24242424242424E-06 	318.019839700263 	
4.3030303030303E-06 	318.587610344512 	
4.36363636363636E-06 	319.141546831166 	
4.42424242424242E-06 	319.682148693907 	
4.48484848484849E-06 	320.209891702418 	
4.54545454545455E-06 	320.725229258916 	
4.60606060606061E-06 	321.228593697332 	
4.66666666666667E-06 	321.720397492993 	
4.72727272727273E-06 	322.201034389894 	
4.78787878787879E-06 	322.670880452045 	
4.84848484848485E-06 	323.130295044794 	
4.90909090909091E-06 	323.579621751505 	
4.96969696969697E-06 	324.019189230511 	
5.03030303030303E-06 	324.449312016817 	
5.09090909090909E-06 	324.870291272689 	
5.15151515151515E-06 	325.28241549087 	
5.21212121212121E-06 	325.685961153882 	
5.27272727272727E-06 	326.08119335259 	
5.33333333333333E-06 	326.468366366916 	
5.39393939393939E-06 	326.847724211392 	
5.45454545454546E-06 	327.219501148008 	
5.51515151515152E-06 	327.583922168619 	
5.57575757575758E-06 	327.941203448993 	
5.63636363636364E-06 	328.291552776436 	
5.6969696969697E-06 	328.635169952766 	
5.75757575757576E-06 	328.972247174271 	
5.81818181818182E-06 	329.302969390186 	
5.87878787878788E-06 	329.627514641078 	
5.93939393939394E-06 	329.946054378448 	
6E-06 	330.258753766754 	
	
Curve 	X 	Y
Run 1; Ch 4; Fc 2-1; Cy 4; 497; Conc 18 µM 	1.8E-05 	370.4559 	
Run 1; Ch 4; Fc 2-1; Cy 5; 497; Conc 6 µM 	6E-06 	333.6872 	
Run 1; Ch 4; Fc 2-1; Cy 6; 497; Conc 2 µM 	2E-06 	273.3626 	
Run 1; Ch 4; Fc 2-1; Cy 7; 497; Conc 0.666 µM 	6.66000008583069E-07 	188.7742 	
Run 1; Ch 4; Fc 2-1; Cy 8; 497; Conc 0.222 µM 	2.22000002861023E-07 	99.6261 	
Run 1; Ch 4; Fc 2-1; Cy 9; 497; Conc 0.074 µM 	7.40000009536743E-08 	38.5632 	
Run 1; Ch 4; Fc 2-1; Cy 10; 497; Conc 0.027 µM 	2.70000007003546E-08 	11.45 	
Run 1; Ch 4; Fc 2-1; Cy 11; 497; Conc 0.008 µM 	8.00000037997961E-09 	3.4387 	
Run 1; Ch 4; Fc 2-1; Cy 12; 497; Conc 0.0027 µM 	2.70000007003546E-09 	1.0661 	
Run 1; Ch 4; Fc 2-1; Cy 13; 497; Conc 0.00091 µM 	9.10000002477318E-10 	0.3763003 	
Run 1; Ch 4; Fc 2-1; Cy 14; 497; Conc 0.0003 µM 	3.00000014249235E-10 	0.199 	
Run 1; Ch 4; Fc 2-1; Cy 15; 497; Conc 0.0001 µM 	9.99999974737875E-11 	0.1632005 	
