Req vs Conc_X 	Req vs Conc_Y 	
0 	6.8856752428984 	
6.06060606060606E-08 	49.7233225845184 	
1.21212121212121E-07 	83.4016445285639 	
1.81818181818182E-07 	110.574521324689 	
2.42424242424242E-07 	132.960865223751 	
3.03030303030303E-07 	151.723030932536 	
3.63636363636364E-07 	167.675203457861 	
4.24242424242424E-07 	181.404678739539 	
4.84848484848485E-07 	193.345750174078 	
5.45454545454545E-07 	203.826487262284 	
6.06060606060606E-07 	213.099340826343 	
6.66666666666667E-07 	221.361743190765 	
7.27272727272727E-07 	228.770321993207 	
7.87878787878788E-07 	235.450923991446 	
8.48484848484849E-07 	241.505822388178 	
9.09090909090909E-07 	247.018989639972 	
9.6969696969697E-07 	252.060015594354 	
1.03030303030303E-06 	256.687060326253 	
1.09090909090909E-06 	260.949108185401 	
1.15151515151515E-06 	264.887708663859 	
1.21212121212121E-06 	268.538335409022 	
1.27272727272727E-06 	271.931457654269 	
1.33333333333333E-06 	275.093392646783 	
1.39393939393939E-06 	278.046989577457 	
1.45454545454545E-06 	280.812182631347 	
1.51515151515152E-06 	283.406441475406 	
1.57575757575758E-06 	285.845140708392 	
1.63636363636364E-06 	288.141864785342 	
1.6969696969697E-06 	290.308661192527 	
1.75757575757576E-06 	292.356251837329 	
1.81818181818182E-06 	294.294210483442 	
1.87878787878788E-06 	296.131112428494 	
1.93939393939394E-06 	297.874661361403 	
2E-06 	299.531797358017 	
2.06060606060606E-06 	301.108789207748 	
2.12121212121212E-06 	302.611313660894 	
2.18181818181818E-06 	304.044523708462 	
2.24242424242424E-06 	305.413107625388 	
2.3030303030303E-06 	306.721340202761 	
2.36363636363636E-06 	307.973127348595 	
2.42424242424242E-06 	309.172045037437 	
2.48484848484849E-06 	310.321373426909 	
2.54545454545455E-06 	311.424126826667 	
2.60606060606061E-06 	312.48308009636 	
2.66666666666667E-06 	313.500791959346 	
2.72727272727273E-06 	314.479625644551 	
2.78787878787879E-06 	315.42176720701 	
2.84848484848485E-06 	316.329241826051 	
2.90909090909091E-06 	317.203928336853 	
2.96969696969697E-06 	318.047572214839 	
3.03030303030303E-06 	318.861797201718 	
3.09090909090909E-06 	319.648115736127 	
3.15151515151515E-06 	320.407938329856 	
3.21212121212121E-06 	321.142582011949 	
3.27272727272727E-06 	321.853277947025 	
3.33333333333333E-06 	322.541178320529 	
3.39393939393939E-06 	323.207362571908 	
3.45454545454545E-06 	323.852843046637 	
3.51515151515152E-06 	324.478570129352 	
3.57575757575758E-06 	325.08543691281 	
3.63636363636364E-06 	325.674283450948 	
3.6969696969697E-06 	326.245900638596 	
3.75757575757576E-06 	326.801033755561 	
3.81818181818182E-06 	327.340385708451 	
3.87878787878788E-06 	327.864619999903 	
3.93939393939394E-06 	328.374363451589 	
4E-06 	328.870208704485 	
4.06060606060606E-06 	329.352716517391 	
4.12121212121212E-06 	329.822417882424 	
4.18181818181818E-06 	330.279815974275 	
4.24242424242424E-06 	330.725387948277 	
4.3030303030303E-06 	331.159586600773 	
4.36363636363636E-06 	331.582841903952 	
4.42424242424242E-06 	331.995562426075 	
4.48484848484849E-06 	332.398136646962 	
4.54545454545455E-06 	332.790934177626 	
4.60606060606061E-06 	333.174306892126 	
4.66666666666667E-06 	333.548589978913 	
4.72727272727273E-06 	333.914102918259 	
4.78787878787879E-06 	334.271150391785 	
4.84848484848485E-06 	334.620023129514 	
4.90909090909091E-06 	334.960998699396 	
4.96969696969697E-06 	335.294342243826 	
5.03030303030303E-06 	335.620307167246 	
5.09090909090909E-06 	335.939135778591 	
5.15151515151515E-06 	336.251059891994 	
5.21212121212121E-06 	336.556301388884 	
5.27272727272727E-06 	336.855072744338 	
5.33333333333333E-06 	337.147577520319 	
5.39393939393939E-06 	337.434010828192 	
5.45454545454546E-06 	337.71455976274 	
5.51515151515152E-06 	337.9894038097 	
5.57575757575758E-06 	338.258715228691 	
5.63636363636364E-06 	338.522659413248 	
5.6969696969697E-06 	338.781395229533 	
5.75757575757576E-06 	339.035075335207 	
5.81818181818182E-06 	339.283846479776 	
5.87878787878788E-06 	339.527849787674 	
5.93939393939394E-06 	339.767221025225 	
6E-06 	340.002090852545 	
	
Curve 	X 	Y
Run 1; Ch 3; Fc 2-1; Cy 4; 490; Conc 18 µM 	1.8E-05 	415.6749 	
Run 1; Ch 3; Fc 2-1; Cy 5; 490; Conc 6 µM 	6E-06 	350.3012 	
Run 1; Ch 3; Fc 2-1; Cy 6; 490; Conc 2 µM 	2E-06 	286.8429 	
Run 1; Ch 3; Fc 2-1; Cy 7; 490; Conc 0.666 µM 	6.66000008583069E-07 	216.9431 	
Run 1; Ch 3; Fc 2-1; Cy 8; 490; Conc 0.222 µM 	2.22000002861023E-07 	135.3254 	
Run 1; Ch 3; Fc 2-1; Cy 9; 490; Conc 0.074 µM 	7.40000009536743E-08 	62.5034 	
Run 1; Ch 3; Fc 2-1; Cy 10; 490; Conc 0.027 µM 	2.70000007003546E-08 	19.9334 	
Run 1; Ch 3; Fc 2-1; Cy 11; 490; Conc 0.008 µM 	8.00000037997961E-09 	5.926 	
Run 1; Ch 3; Fc 2-1; Cy 12; 490; Conc 0.0027 µM 	2.70000007003546E-09 	1.6233 	
Run 1; Ch 3; Fc 2-1; Cy 13; 490; Conc 0.00091 µM 	9.10000002477318E-10 	0.3201998 	
Run 1; Ch 3; Fc 2-1; Cy 14; 490; Conc 0.0003 µM 	3.00000014249235E-10 	0.008700134 	
Run 1; Ch 3; Fc 2-1; Cy 15; 490; Conc 0.0001 µM 	9.99999974737875E-11 	-0.05949999 	
